 -6 12 -6 55
 -6 11 -5 55
 -5 9 -4 77
 -4 12 -8 25
 -4 11 -7 55
 -4 10 -6 55
 -4 7 -3 77
 -3 12 -9 25
 -3 11 -8 25
 -3 10 -7 55
 -3 9 -6 77
 -3 8 -5 77
 -3 7 -4 77
 -3 6 -3 88
 -3 5 -2 100
 -2 12 -10 25
 -2 9 -7 1
 -2 5 -3 100
 -2 3 -1 44
 -2 2 0 3
 -1 12 -11 11
 -1 10 -9 1
 -1 9 -8 11
 -1 8 -7 25
 -1 6 -5 35
 -1 5 -4 20
 -1 4 -3 100
 -1 3 -2 44
 -1 2 -1 3
 0 12 -12 11
 0 10 -10 1
 0 9 -9 1
 0 7 -7 35
 0 5 -5 35
 0 0 0 10
 1 12 -13 11
 1 10 -11 11
 1 6 -7 1
 1 5 -6 1
 1 4 -5 1
 1 3 -4 1
 1 1 -2 1
 1 0 -1 10
 2 12 -14 3
 2 10 -12 3
 2 9 -11 3
 2 8 -10 3
 2 7 -9 3
 2 3 -5 1
 2 1 -3 1
 2 0 -2 1
 3 12 -15 11
 3 10 -13 11
 3 9 -12 11
 3 6 -9 11
 3 5 -8 1
 3 4 -7 1
 3 0 -3 1
 4 12 -16 26
 4 10 -14 11
 4 9 -13 11
 4 7 -11 11
 4 5 -9 11
 4 3 -7 100
 4 2 -6 22
 4 1 -5 22
 4 0 -4 1
 5 12 -17 26
 5 10 -15 11
 5 8 -13 3
 5 7 -12 1
 5 6 -11 100
 5 3 -8 1
 5 0 -5 1
 6 12 -18 26
 6 10 -16 26
 6 9 -15 1
 6 8 -14 3
 6 7 -13 11
 6 5 -11 10
 6 2 -8 22
 6 1 -7 9
 7 12 -19 26
 7 10 -17 26
 7 9 -16 26
 7 8 -15 1
 7 7 -14 1
 7 6 -13 100
 7 5 -12 1
 7 3 -10 10
 7 1 -8 9
 7 0 -7 22
 8 12 -20 6
 8 10 -18 26
 8 9 -17 1
 8 8 -16 3
 8 7 -15 100
 8 6 -14 1
 8 5 -13 14
 8 3 -11 9
 8 2 -10 9
 9 12 -21 24
 9 11 -20 24
 9 8 -17 3
 9 7 -16 100
 9 5 -14 14
 9 4 -13 50
 9 2 -11 50
 9 1 -10 1
 9 0 -9 22
 10 10 -20 24
 10 9 -19 14
 10 2 -12 50
 10 0 -10 22
 11 12 -23 24
 11 11 -22 24
 11 8 -19 14
 11 7 -18 14
 11 6 -17 3
 11 5 -16 100
 11 4 -15 14
 11 3 -14 9
 11 2 -13 22
 11 0 -11 50
 12 11 -23 24
 12 10 -22 24
 12 9 -21 13
 12 7 -19 14
 12 6 -18 13
 12 5 -17 3
 12 3 -15 1
 12 2 -14 1
 12 0 -12 22
 13 9 -22 13
 13 8 -21 13
 13 5 -18 3
 13 3 -16 100
 13 2 -15 1
 13 0 -13 21
 14 7 -21 13
 14 6 -20 13
 14 2 -16 1
 14 0 -14 21
 15 5 -20 3
 15 4 -19 100
 15 3 -18 9
 15 0 -15 21
 16 3 -19 13
 16 2 -18 13
 16 1 -17 17
 16 0 -16 21
 17 1 -18 13
 17 0 -17 21
