 -6 12 -6 55
 -6 11 -5 55
 -5 12 -7 25
 -5 11 -6 55
 -5 10 -5 55
 -5 9 -4 77
 -4 12 -8 25
 -4 11 -7 100
 -4 10 -6 100
 -4 9 -5 77
 -4 8 -4 90
 -4 7 -3 77
 -3 12 -9 25
 -3 11 -8 5
 -3 10 -7 1
 -3 9 -6 77
 -3 8 -5 90
 -3 7 -4 77
 -3 6 -3 100
 -3 5 -2 100
 -2 12 -10 25
 -2 11 -9 100
 -2 10 -8 3
 -2 9 -7 77
 -2 8 -6 77
 -2 7 -5 77
 -2 6 -4 55
 -2 5 -3 100
 -2 4 -2 88
 -2 3 -1 44
 -2 2 0 3
 -1 12 -11 11
 -1 11 -10 100
 -1 10 -9 11
 -1 9 -8 3
 -1 8 -7 25
 -1 7 -6 35
 -1 6 -5 35
 -1 5 -4 20
 -1 4 -3 100
 -1 3 -2 44
 -1 2 -1 10
 -1 1 0 11
 0 12 -12 11
 0 11 -11 11
 0 10 -10 100
 0 9 -9 11
 0 8 -8 3
 0 7 -7 35
 0 6 -6 20
 0 5 -5 20
 0 4 -4 20
 0 3 -3 5
 0 2 -2 10
 0 1 -1 10
 0 0 0 10
 1 12 -13 11
 1 11 -12 11
 1 10 -11 11
 1 9 -10 100
 1 8 -9 11
 1 7 -8 3
 1 6 -7 20
 1 5 -6 100
 1 4 -5 100
 1 3 -4 100
 1 2 -3 20
 1 1 -2 10
 1 0 -1 10
 2 12 -14 3
 2 11 -13 3
 2 10 -12 3
 2 9 -11 5
 2 8 -10 100
 2 7 -9 100
 2 6 -8 100
 2 5 -7 100
 2 4 -6 20
 2 3 -5 21
 2 2 -4 20
 2 1 -3 10
 2 0 -2 10
 3 12 -15 11
 3 11 -14 11
 3 10 -13 11
 3 9 -12 11
 3 8 -11 5
 3 7 -10 11
 3 6 -9 11
 3 5 -8 100
 3 4 -7 11
 3 3 -6 21
 3 2 -5 21
 3 1 -4 20
 3 0 -3 21
 4 12 -16 67
 4 11 -15 67
 4 10 -14 20
 4 9 -13 11
 4 8 -12 67
 4 7 -11 60
 4 6 -10 60
 4 5 -9 60
 4 4 -8 100
 4 3 -7 67
 4 2 -6 21
 4 1 -5 22
 4 0 -4 21
 5 12 -17 26
 5 11 -16 90
 5 10 -15 90
 5 9 -14 67
 5 8 -13 67
 5 7 -12 60
 5 6 -11 90
 5 5 -10 90
 5 4 -9 60
 5 3 -8 20
 5 2 -7 22
 5 1 -6 21
 5 0 -5 21
 6 12 -18 26
 6 11 -17 67
 6 10 -16 67
 6 9 -15 90
 6 8 -14 90
 6 7 -13 90
 6 6 -12 90
 6 5 -11 90
 6 4 -10 90
 6 3 -9 60
 6 2 -8 14
 6 1 -7 20
 6 0 -6 22
 7 12 -19 26
 7 11 -18 100
 7 10 -17 100
 7 9 -16 67
 7 8 -15 67
 7 7 -14 100
 7 6 -13 60
 7 5 -12 90
 7 4 -11 90
 7 3 -10 60
 7 2 -9 9
 7 1 -8 14
 7 0 -7 22
 8 12 -20 100
 8 11 -19 100
 8 10 -18 100
 8 9 -17 1
 8 8 -16 100
 8 7 -15 100
 8 6 -14 60
 8 5 -13 60
 8 4 -12 60
 8 3 -11 60
 8 2 -10 9
 8 1 -9 14
 8 0 -8 22
 9 12 -21 100
 9 11 -20 100
 9 10 -19 100
 9 9 -18 100
 9 8 -17 100
 9 7 -16 100
 9 6 -15 14
 9 5 -14 60
 9 4 -13 60
 9 3 -12 67
 9 2 -11 50
 9 1 -10 1
 9 0 -9 22
 10 12 -22 100
 10 11 -21 100
 10 10 -20 24
 10 9 -19 14
 10 8 -18 14
 10 7 -17 3
 10 6 -16 100
 10 5 -15 14
 10 4 -14 67
 10 3 -13 67
 10 2 -12 50
 10 1 -11 50
 10 0 -10 22
 11 12 -23 100
 11 11 -22 100
 11 10 -21 24
 11 9 -20 67
 11 8 -19 67
 11 7 -18 14
 11 6 -17 3
 11 5 -16 5
 11 4 -15 3
 11 3 -14 9
 11 2 -13 22
 11 1 -12 50
 11 0 -11 50
 12 11 -23 100
 12 10 -22 100
 12 9 -21 67
 12 8 -20 90
 12 7 -19 67
 12 6 -18 67
 12 5 -17 3
 12 4 -16 100
 12 3 -15 14
 12 2 -14 9
 12 1 -13 21
 12 0 -12 22
 13 9 -22 13
 13 8 -21 67
 13 7 -20 67
 13 6 -19 67
 13 5 -18 3
 13 4 -17 11
 13 3 -16 100
 13 2 -15 67
 13 1 -14 67
 13 0 -13 21
 14 7 -21 13
 14 6 -20 13
 14 5 -19 3
 14 4 -18 100
 14 3 -17 100
 14 2 -16 67
 14 1 -15 90
 14 0 -14 100
 15 5 -20 3
 15 4 -19 100
 15 3 -18 9
 15 2 -17 100
 15 1 -16 100
 15 0 -15 100
 16 3 -19 100
 16 2 -18 100
 16 1 -17 100
 16 0 -16 100
 17 1 -18 100
 17 0 -17 100
