 -6 12 -6 55
 -6 11 -5 55
 -5 12 -7 25
 -5 11 -6 55
 -5 10 -5 55
 -4 12 -8 25
 -4 11 -7 55
 -4 10 -6 55
 -4 9 -5 1
 -4 7 -3 77
 -3 12 -9 25
 -3 10 -7 55
 -3 8 -5 1
 -3 7 -4 1
 -3 6 -3 1
 -3 5 -2 100
 -2 12 -10 25
 -2 11 -9 25
 -2 9 -7 55
 -2 7 -5 55
 -2 6 -4 1
 -2 2 0 3
 -1 12 -11 11
 -1 10 -9 11
 -1 8 -7 25
 -1 6 -5 35
 -1 4 -3 100
 -1 3 -2 44
 -1 1 0 11
 0 12 -12 11
 0 10 -10 11
 0 9 -9 11
 0 8 -8 11
 0 7 -7 35
 0 5 -5 35
 0 4 -4 3
 0 3 -3 1
 0 2 -2 3
 0 1 -1 10
 0 0 0 10
 1 12 -13 11
 1 11 -12 1
 1 7 -8 11
 1 6 -7 3
 1 2 -3 1
 1 0 -1 10
 2 12 -14 1
 2 11 -13 1
 2 10 -12 1
 2 9 -11 3
 2 8 -10 3
 2 5 -7 11
 2 3 -5 1
 2 2 -4 20
 2 0 -2 10
 3 12 -15 11
 3 10 -13 1
 3 9 -12 11
 3 8 -11 3
 3 7 -10 11
 3 6 -9 11
 3 2 -5 20
 3 0 -3 3
 4 12 -16 26
 4 9 -13 11
 4 8 -12 3
 4 7 -11 11
 4 6 -10 11
 4 5 -9 11
 4 4 -8 1
 4 2 -6 22
 4 1 -5 22
 4 0 -4 9
 5 10 -15 11
 5 9 -14 11
 5 8 -13 3
 5 7 -12 11
 5 6 -11 100
 5 5 -10 100
 5 4 -9 1
 5 2 -7 1
 5 0 -5 9
 6 12 -18 26
 6 11 -17 26
 6 8 -14 3
 6 7 -13 11
 6 6 -12 100
 6 5 -11 10
 6 4 -10 1
 6 2 -8 1
 6 1 -7 9
 6 0 -6 1
 7 11 -18 1
 7 10 -17 26
 7 9 -16 26
 7 7 -14 100
 7 6 -13 100
 7 5 -12 14
 7 4 -11 1
 7 2 -9 1
 7 1 -8 1
 8 11 -19 6
 8 10 -18 1
 8 9 -17 1
 8 8 -16 3
 8 5 -13 1
 8 4 -12 1
 8 1 -9 1
 8 0 -8 22
 8 -1 -7 1
 9 12 -21 24
 9 9 -18 6
 9 8 -17 1
 9 7 -16 100
 9 6 -15 14
 9 4 -13 50
 9 2 -11 1
 9 1 -10 1
 9 0 -9 1
 10 12 -22 24
 10 11 -21 24
 10 10 -20 24
 10 7 -17 3
 10 2 -12 1
 10 1 -11 50
 11 12 -23 24
 11 11 -22 24
 11 10 -21 24
 11 9 -20 13
 11 8 -19 14
 11 7 -18 14
 11 5 -16 100
 11 4 -15 14
 11 3 -14 9
 11 2 -13 22
 11 1 -12 50
 12 11 -23 24
 12 9 -21 1
 12 4 -16 100
 12 3 -15 14
 12 2 -14 9
 13 9 -22 13
 13 8 -21 13
 13 7 -20 14
 13 6 -19 13
 13 5 -18 3
 13 2 -15 1
 13 0 -13 21
 14 7 -21 13
 14 6 -20 13
 14 5 -19 1
 14 4 -18 100
 14 2 -16 9
 14 1 -15 13
 14 0 -14 21
 15 5 -20 3
 15 3 -18 9
 15 1 -16 1
 16 3 -19 13
 16 2 -18 13
 16 1 -17 17
 16 0 -16 21
 17 1 -18 1
